Ce : [core=Xe4] s2d1f1                  
   1458.00   .002000 140.11500 125.   .10E-05 .050  800F91 46.00000
   .7  1.0   0
  1.0   .0   .5-2944.1668 2.0000
  2.0   .0   .5 -471.9465 2.0000
  2.0  1.0  1.5 -423.1323 6.0000
  3.0   .0   .5 -101.6894 2.0000
  3.0  1.0  1.5  -86.1125 6.0000
  3.0  2.0  2.5  -63.908110.0000
  4.0   .0   .5  -20.5790 2.0000
  4.0  1.0  1.5  -15.4821 6.0000
  4.0  2.0  2.5   -8.124710.0000
  5.0   .0   .5   -2.9773 2.0000
  6.0   .0   .5    -.2778 2.0000
  5.0  1.0  1.5   -1.7072 6.0000
  5.0  2.0  2.5    -.2292 1.0000
  4.0  3.0  2.5    -.4122 1.0000
